++-.fet 55.6147 47.6677 8.0666
+--.fet 14.0815 12.4269 1.6546
132++-.fet 36.9084 30.4918 6.5363
132++-_aa.fet 1.5879 1.5879 0.0000
132++-_ac.fet 15.3945 13.2591 2.1354
132++-_ax.fet 16.9268 14.8470 2.1354
132++-_ca.fet 5.4247 3.9247 1.5000
132++-_cc.fet 14.5926 11.7558 2.9009
132++-_cx.fet 20.0173 15.6805 4.4009
132+--.fet 7.8398 7.8398 0.0000
132+--_aa.fet 1.6056 1.6056 0.0000
132+--_ac.fet 1.0000 1.0000 0.0000
132+--_ax.fet 2.6056 2.6056 0.0000
132+--_ax_L.fet 0.0056 0.0056 0.0000
132+--_ax_R.fet 1.6000 1.6000 0.0000
132+--_ca.fet 4.9286 4.9286 0.0000
132+--_cc.fet 1.3056 1.3056 0.0000
132+--_cx.fet 6.2342 6.2342 0.0000
1324++--.fet 0.0000 0.0000 0.0000
1423+--+.fet 0.0000 0.0000 0.0000
1jump_NOT_cross_ax.fet 20.8423 17.3619 3.5360
1jump_NOT_cross_cx.fet 22.2435 17.6527 4.6548
1jump_cross_ax.fet 8.7802 8.7525 0.0278
1jump_cross_cx.fet 18.5436 17.0410 1.5026
213++-.fet 18.7063 17.1759 1.5304
213++-_aa.fet 5.9347 5.9069 0.0278
213++-_ac.fet 0.2400 0.2400 0.0000
213++-_ax.fet 6.1747 6.1469 0.0278
213++-_ca.fet 11.6315 10.4400 1.1915
213++-_cc.fet 0.9001 0.5890 0.3111
213++-_cx.fet 12.5316 11.0290 1.5026
213+--.fet 6.2417 4.5872 1.6546
213+--_aa.fet 0.1000 0.1000 0.0000
213+--_ac.fet 3.8155 2.4149 1.4006
213+--_ax.fet 3.9155 2.5149 1.4006
213+--_ax_L.fet 1.0198 0.8471 0.1727
213+--_ax_R.fet 2.8832 1.6553 1.2279
213+--_ca.fet 0.0238 0.0238 0.0000
213+--_cc.fet 2.3024 2.0484 0.2540
213+--_cx.fet 2.3262 2.0722 0.2540
3142++--.fet 0.0000 0.0000 0.0000
4132-++-.fet 0.0000 0.0000 0.0000
protein_rep.fet 1038.0417 849.6911 345.0911
protein_rep_ig.fet 859.5721 689.1119 216.6427
protein_rep_ig_1jump.fet 68.8442 59.2426 9.7212
protein_rep_ig_1jump_cross.fet 25.9607 24.4304 1.5304
protein_rep_ig_1jump_not_cross.fet 43.0501 34.9789 8.1908
